
 
 (-0.44381070137023926+3.0886862077750266e-05j)
 
 [0.60612631,1.75421274,0.63966089]
 
 (-0.8906501531600952+5.0900540372822434e-05j)
 
 [0.78609318,1.41446996,0.79943675]
 
 (97.33712768554688-0.011642299592494965j)
 
 [0.93444145,0.86915493,0.87625849,0.72613335,0.63696557,0.69872862,
 0.82396579,0.74436843,0.83557063,0.91577423,0.93863928]
 
 (88.07793426513672+0.000701691082213074j)
 
 [0.82332301,0.83447951,0.80593866,0.80898172,0.82792795,0.77439702,
 0.79213017,0.83230048,0.83469063,0.82901698,0.836815  ]
 
 (34.63814163208008-0.1200631782412529j)
 
 [0.08555409,0.16425323,0.379996  ,0.95446217,1.33491337,2.8886857 ,
 1.7012198 ,0.78591341,0.47567612,0.16568945,0.06363687]
 
 (31.787221908569336+0.015193588100373745j)
 
 [0.09302834,0.13133305,0.40495864,1.1034193 ,1.31573045,2.41511798,
 2.1003747 ,0.78801686,0.44016212,0.12391714,0.08393992]
 
 (1.2901440858840942+2.6117268070446897e-11j)
 
 [1.00615239,0.99785155,0.99599612]
 
 (nan+nanj)
 
 [nan,nan,nan]
 
 (-0.8937569856643677-1.4025187738297973e-05j)
 
 [0.79731238,1.40573514,0.79695225]
 
 (29.08182144165039+2.919789039879106e-05j)
 
 [0.04432035,0.12142043,0.4359346 ,0.92337507,1.66749811,2.04328346,
 2.1299026 ,1.02271092,0.42827812,0.12998085,0.05329558]
 
 (87.04302978515625+1.1471385619188368e-07j)
 
 [0.82402158,0.81941831,0.81922019,0.81645226,0.81635731,0.81151372,
 0.81553477,0.81875074,0.82037604,0.82339609,0.81496167]
 
 (-0.8930326700210571+0.00011695213470375165j)
 
 [0.79705888,1.40654457,0.7963962 ]
 
 (86.8814468383789-1.0018716523063631e-07j)
 
 [0.81479484,0.81884754,0.81723624,0.81575185,0.81582999,0.81939441,
 0.82098621,0.81625968,0.81943351,0.82127923,0.82018542]
 
 (86.78250122070312+4.488272224989487e-07j)
 
 [0.81506872,0.82217813,0.81624061,0.81427771,0.81690466,0.81941444,
 0.82216829,0.81917024,0.82075232,0.81673872,0.81709027]
 
 (43.645450592041016-1.253100379017269e-08j)
 
 [0.78240228,0.77670902,0.78039062,0.76864266,0.77341795,0.77677733,
 0.78083014,0.78443354,0.77639651]
 
 (14.489407539367676-0.006895270198583603j)
 
 [0.05809943,0.17128578,0.59683162,1.39476097,2.9045794 ,1.10957539,
 0.49895957,0.17583306,0.09007466]
 
 (33.4289665222168+2.258768518004217e-06j)
 
 [0.4719106 ,0.45451933,1.06907797,1.06593728,0.31805122,1.59936666,
 1.10676956,0.46163672,0.45273215]
 
 (7.638060569763184-2.8547908641485265e-06j)
 
 [0.26969007,0.6203692 ,1.19827628,1.11309052,1.4373976 ,0.26421049,
 0.09696577]
 
 (3.832000494003296+0.0025566003751009703j)
 
 [0.09100562,0.44630393,1.13256395,2.01379085,0.95268345,0.33142924,
 0.03222225]
 
 (4.140098571777344+0.004234596621245146j)
 
 [0.00892984,0.31264669,1.17849183,1.91888368,1.24287081,0.32790324,
 0.0102736 ]