
 
 7.666302680969238
 
 [0. 0. 3.]
 
 15.171242713928223
 
 [0.14600001 0.15300001 0.13700001 0.15300001 2.80500007 0.87800002
 0.72800004]
 
 (80.9841537475586-0.0011724322102963924j)
 
 [0.41659999 0.72979999 0.80519998 0.84119999 0.81369996 0.81809998
 0.82369995 0.80799997 0.8071     0.73269999 1.40389991]
 
 (80.89923858642578+0.0015870172064751387j)
 
 [0.40941    0.72539997 0.81189001 0.81830001 0.81717998 0.81895
 0.81667995 0.82357997 0.81725997 0.73073    1.41061997]
 
 (65.62942504882812+2.7374433557270095e-05j)
 
 [0.40822998 0.72933    0.81391001 0.81483996 0.81966996 0.81520998
 0.82255995 0.8222     0.81448996 0.72654998 1.41301   ]
 
 (8.381830215454102+2.571515445026762e-08j)
 
 [0.41389    0.72797    0.80922997 0.81751996 0.81669998 0.81752998
 0.81919998 0.82275999 0.81313998 0.73096997 1.41109002]
 
 (-5.745852947235107+3.106860049228999e-06j)
 
 [ 5622.99951172  8800.99804688 15575.99414062]
 
 (-5.680695533752441-0.00033481436548754573j)
 
 [ 5560.99951172  8893.99902344 15545.        ]
 
 (-4.555435657501221-0.04001307114958763j)
 
 [ 5607.00048828  8840.00097656 15553.00390625]
 
 (-5.5656304359436035-0.07221008837223053j)
 
 [0.39656109 1.15703702 1.44640172]
 
 (0.06432376801967621-0.00021630077390000224j)
 
 [0.48422831 0.88597399 1.62979758]
 
 (6.345633506774902-0.001597904716618359j)
 
 [0.5483169  0.94258797 1.00773275 0.92212576 1.57923627]
 
 (9.296422958374023+7.510541036026552e-05j)
 
 [0.7292881  1.15382266 1.16753519 1.16667438 1.78267968]
 
 (2.1460158824920654+3.293634290457703e-05j)
 
 [1.59449980e-03 5.34195565e-02 9.81054187e-01 2.07355142e+00
 2.04726291e+00 7.98064649e-01 4.34162542e-02 1.63656601e-03]
 
 (62.96760177612305-7.405250471492764e-06j)
 
 [0.43110397 0.7956664  0.89160699 0.93124545 0.94884938 0.96056497
 0.95757014 0.9446848  0.88966864 0.80813402 0.44090578]
 
 (15.341192245483398-1.3193232462072046e-07j)
 
 [3.67939210e-04 3.37370817e-04 2.63819695e-02 9.69403386e-01
 1.58626282e+00 3.56769967e+00 1.89566636e+00 9.32855606e-01
 2.06151232e-02 3.98952485e-04 1.18315938e-05]
 
 (14.288108825683594-1.7333591131318826e-06j) 0.0005182
 0.0004179
 0.0167716
 1.1573799
 1.6205714
 3.2082150
 2.0112650
 0.9605958
 0.0230817
 0.0009220
 0.0002626

 
 (65.96830749511719+0.018059104681015015j)
 
 [0.73485768,0.93323696,0.90374881,0.72407717,0.92182428,1.46088457,
 0.63230807,0.63765126,1.14771092,0.67882544,0.22487426]
 
 (14.904973983764648+3.572241951133037e-07j)
 
 [1.17758850e-06,3.14572662e-06,2.14575808e-02,1.01995802e+00,
 1.83007610e+00,3.13042212e+00,1.93773806e+00,1.03817022e+00,
 2.21556239e-02,5.94453923e-06,1.23696345e-05]
 
 (0.39981621503829956+0.0004356335266493261j)
 
 [0.00395874,0.17997703,1.3345964 ,1.97123432,1.33011651,0.17613131,
 0.00398578]
 
 (4.110308647155762+0.00016780222358647734j)
 
 [0.01278879,0.42387277,1.30580533,1.59437346,1.29513085,0.35732505,
 0.01070383]
 
 (6.373075008392334-3.2556527003180236e-05j)
 
 [0.02770141,0.67884004,1.1552273 ,1.28458273,1.14892197,0.68296969,
 0.02175668]
 
 (21.275911331176758+0.00017862662207335234j)
 
 [0.02095585,0.65142864,1.18685138,1.32467747,1.18273389,0.6071409 ,
 0.02621203]
 
 (26.45409393310547-0.0003673653118312359j)
 
 [0.07035969,0.49286371,1.22349358,1.3906101 ,1.19559026,0.56528401,
 0.06179939]
 
 (7.896690845489502+0.0005032249027863145j)
 
 [0.03614409,0.52597976,1.20774961,1.37287223,1.25416696,0.56570387,
 0.0373836 ]
 
 (1.1064364910125732-0.0010443294886499643j)
 
 [2.97169830e-03,2.92325437e-01,1.29175842e+00,1.87200427e+00,
 1.24511349e+00,2.93967038e-01,1.85983989e-03]
 
 (90.445068359375+0.00102153979241848j)
 
 [0.47458258,0.83442938,0.90977997,0.91257811,0.91088617,0.91351265,
 0.90332401,0.90683979,0.90932912,0.8346408 ,0.49009877]
 
 (30.7144718170166-1.0875137945731694e-07j)
 
 [0.02190832,0.12942556,0.48518434,1.11877668,1.45072508,2.15944433,
 1.87574995,1.09930348,0.50630438,0.13498037,0.01819943]